6990785
3803935
2395739
4737001
2649409
1019396
6336222
873146
4425998
2819496
126658
5308913
3451562
7662094
2985991
6719372
9946027
5601743
6910827
6416667
893557
6227749
1038004
3390294
8185324
2043625
473213
5601448
3112368
8879811
9552269
8929782
1583599
9751070
8669982
996591
387964
2785434
1435888
8830408
5956533
6097859
500979
7745586
2965993
9245636
5686755
927887
436542
6383276
1754808
1550475
7411720
5628080
5840509
8700352
4264674
156368
1579659
7996162
4057643
3977496
6392348
5714494
790638
5607216
3208907
3072191
3181228
2838546
1744107
8129804
2196593
6602745
8757400
7935593
8051415
3227849
851069
271196
777104
4808069
755261
752452
7616431
9046395
8952574
5657094
7927720
8348608
5342053
564828
82678
4960734
8940132
1468225
4420039
5357208
9671764
8794431
4496783
3654460
2363161
92153
8802490
9835172
3634179
1374551
8846717
5972945
8960891
2298132
3697917
1854653
7548227
2933578
3324159
6622540
4566363
5068717
1809235
5142604
9292560
4444786
7839087
9083051
1141149
993279
4172038
5479543
6880124
9130061
1855895
6349406
2225170
4994856
5258566
9708218
3911130
4321895
2570412
1150257
4104988
1206966
6771791
9738719
4285216
5297870
4675458
3261672
4612439
4926229
7293873
8605492
3419519
816735
9012749
3986577
7567244
5324443
9210699
2422027
7494986
2041456
5020288
8691457
8157453
3971969
2641414
8952560
3580860
2274863
9027087
8332740
2969290
124659
9185079
7987347
7155398
6648190
656711
8517494
9213846
8035007
3773685
8834580
4714231
4470302
5134799
8362901
6297017
143184
4206573
937643
7710324
4351084
3475458
89937
2548709
10260
5818663
9589264
5707184
6836298
9368339
7486313
8367956
5341508
6060217
1208268
4356422
6346565
2909068
3032200
2743229
818762
7987671
6949366
5639822
5105325
1944172
9972451
6271879
872981
2575680
7649179
2050298
1137373
5054588
2199959
5299961
5328405
7021239
9803594
2919286
4364154
8135054
2730366
1495494
4704249
8459433
7931295
2337163
3975644
1632629
272752
4270356
6505082
373425
483130
9838583
6193862
6634461
9261373
538361
4557109
7510460
7395138
1147817
7768222
8985373
3209134
1242451
3069624
4697232
5062050
8337110
5596585
9782095
7623279
7091784
1431964
4784354
2437655
5158807
8192458
9585415
5501759
6965207
5165658
1862976
7058794
9247637
7034740
7108039
521942
6110076
7269305
3280278
1475702
8472622
4425075
1696118
9042235
3365594
6341223
345163
6884055
6796183
1122999
3529465
8878845
3467189
4229049
7138832
2792368
6296015
4748830
1157867
2196052
9615916
7542271
3123610
9874160
6203910
6554961
641519
9385144
2463902
4649812
9891891
9663809
6703560
3412370
1400431
3737708
7128152
8710160
9287237
8058149
8234921
8135332
8154633
8340695
1268916
739755
8987899
7293330
6956546
6122547
3319527
8951980
6099555
6518339
5158939
4477145
8174932
1216101
689814
9755772
6398628
5120841
710478
1039344
9659756
6172356
297008
298757
887921
3265195
2379761
56377
1216452
1362968
6973149
7484845
5456385
4690723
8730835
4740083
6728366
1987530
798578
9768522
9741096
5904145
1088987
8655107
4815218
5555057
7252077
8692410
714132
5123545
6207111
8083330
7009296
9206094
9241275
4584778
1826195
2625057
7642283
9937338
5911826
378612
7157776
8405511
2478129
3340217
3214655
1465518
5504203
9223598
6287381
5183031
1465533
7586935
393766
7327729
409513
4988990
1198685
5059044
4978974
5756724
3896994
7068822
9932699
7706661
8988813
3514822
6964637
4368846
3950802
8799336
1900280
9506321
7537997
3212543
6006904
3392410
9557814
5352372
2487389
7205994
8787023
4168703
2609126
4939622
3210479
6021599
8497509
4516321
1139768
117024
1239312
6800234
904752
5743949
2689048
6771262
4389579
3122292
9808763
6519250
462041
5175950
7590288
6776129
8169125
6530868
533278
5061395
7649016
2875213
5317465
29517
8681536
3640451
2676151
1399799
1667018
9129854
2900061
17312
1860145
7079983
842851
794925
8282249
4555309
8642363
1852828
1037399
486566
7492939
5455748
8636440
5507356
3927260
808008
5260814
3227859
3564532
7107279
6925934
1608632
3516038
4733657
785468
9837163
2477773
3142352
2361824
7865940
1949816
7873396
1559259
2636287
409268
6754200
4322735
8475436
2740897
8243399
6588668
197019
48902
9842372
7530058
6158660
8368556
9603530
7460836
3159885
5456583
9877710
5219734
4896288
456798
4658365
4117008
367758
5636517
1536067
3258779
1039867
2293009
1102938
7634376
1933030
4904140
5594967
4590584
6534799
4303128
9235244
1018196
9465744
7212717
1235318
7967560
7302480
612348
4913408
5955637
4737778
1938499
1179734
3940299
9062046
8578211
2193341
3055524
3216869
5903010
6406741
3966715
4397829
4205452
6633732
6916972
5582292
614228
3094292
4046982
9523196
5677024
3879198
5376759
8156953
7500115
3087179
9868849
1825726
6306674
2189542
949501
9816713
474881
6271883
2744801
2105128
3850092
8514986
3376468
886723
9148970
2216331
5512310
4053424
984524
986528
7733256
8598346
3936384
177503
207590
3624405
1207373
5889140
1435709
5869074
6169782
5941228
3579451
318827
6018433
2952215
7002643
4525882
8693303
9546577
4785169
1577871
3498455
1063810
4963964
4332485
217074
8128669
4540441
2941826
3625094
5309644
9890251
6576141
9583609
1110207
2707749
39894
6047578
9790991
640956
5793558
9887211
560777
9537415
1416471
8003371
5391764
2557575
4795401
5475081
3988924
6744226
4483051
6929581
9944962
2428950
8250265
3183391
1856769
5874272
6815337
4506959
7120756
1659407
7569484
7423567
9125182
2137036
5065526
9413234
8741351
6095558
9608692
2987955
5225945
5366987
6743595
6928058
8010943
2024125
4407957
6896711
6145944
8193163
5054304
8088285
5922539
7464252
6774288
7934978
9127345
3149241
9648581
7161522
1032354
5283208
1905564
3715939
5462064
9868944
9068100
3572518
7193514
6747779
4183009
9288272
3236689
4254765
8697198
9013558
7689347
3655
3875939
5311216
9366462
8650273
9689768
5174578
856667
3879492
2982562
913840
9971180
8301346
7493234
5011554
6653914
6831811
4858315
8816371
3264755
5374167
7797268
6814716
9283404
5814975
1476780
9771349
5151214
6324587
8496932
2658900
6466065
6703771
6223308
9324737
5808723
8337535
7100160
9401193
8542603
3675841
6229652
5961709
6418456
4961287
9834024
8092245
4610967
6334569
4141411
5499771
7929379
7736105
2352778
5155558
7550550
1829403
5354752
8882153
7202479
3841525
632835
6364152
45306
1913606
130258
1943810
8345901
6278716
3684261
3914868
1424727
7937619
4305086
2417783
6774167
1947653
8840275
130956
6457086
2507329
2869647
7796276
9297613
134062
9282973
2477819
4757192
9818158
6416298
6232686
7619259
3490136
4907953
5639452
3280346
648255
9461146
8426675
6412429
1240979
1395651
8756390
1713219
3287145
1334562
6314083
8408982
875244
1933972
1208848
5791732
7604543
3400988
3021616
619670
9563949
9517007
8269703
6025045
3570363
9417936
5321970
6733634
7684060
829250
1320454
7218549
272259
8079796
8137533
3103001
7713453
9327907
623698
1566065
8243199
1563666
1241986
9819685
114975
2212352
3143115
1683001
5538833
2390524
1361944
8493326
4205000
9558580
3767687
3216822
4255628
9512113
505914
1498791
3383905
7314969
5251377
5533563
8496388
9955189
3459604
3997447
7594317
9685276
3990289
9865686
7443152
6027774
4898943
7652406
6183907
801605
4055792
7383394
1292922
6956308
9897495
9264227
3563718
4399629
6113462
9304677
8942013
7878954
8578920
7144886
3791997
3525813
7616808
6904445
1498452
1661664
1752925
5649605
9254373
9681771
2037494
4375200
7561189
8139113
6698730
9913483
6449312
2160966
2295514
9702215
4640216
2180540
6907630
559086
4633995
5352402
7976648
2785208
4620666
3358515
950303
4317126
3042496
4029510
1947426
1808326
8706199
5157558
5222229
143164
9123954
6549255
5741630
1313900
8012710
1858502
6337753
8513859
5786414
1068280
8342214
2801071
3902710
5293514
8266169
8575863
8495096
4593749
3626730
9040784
8874696
3955399
3097193
6015348
529355
2420643
4228181
4022077
8630759
5772114
9531725
1708371
124645
274617
724043
3103897
9870381
5754471
4172071
6265146
319444
3338508
6347502
1466691
3581307
465605
6480292
249193
1293165
4690663
8496372
7696261
3136826
5256777
3488745
1320318
8754789
5161989
5159747
1378195
5729313
3321862
172809
6826359
184995
4586213
8548003
272726
2357898
5442402
20810
712308
696919
6865950
9056294
7551081
3505839
1945879
5410242
170202
7289875
3067882
1488028
4971978
2839048
6111974
2749168
2445316
9879582
6341764
2772711
8352616
3127435
4147212
3481873
860956
2513741
2508669
9745178
5393687
5258173
1764746
1555186
1356908
802752
3401863
6605688
4702367
31008
2686559
9889472
3267517
6236425
1251785
1525464
5633210
4179604
5297053
436800
4553238
3709465
6923924
2804329
9146102
8434088
5252851
8151282
1150623
8390027
4658508
8635165
6613838
943625
2174826
4974914
2964888
3222351
6561632
4074945
7347656
9932050
9612879
4083462
2345668
6866244
5404205
5157064
5643784
9228158
4073144
3489395
1527295
7155436
3027104
967454
9192330
3579222
4810100
7493120
8205595
1344443
9272951
6875642
9872146
9730756
7188107
335914
2603398
5880173
5909493
5001596
2345523
4495396
8566673
465806
5259461
8619561
8845822
5204305
9820952
2065969
3628205
3506917
2691829
1767839
6758008
4839424
6631585
2029282
3518295
2982178
2635878
9289597
7494899
8899168
6021090
2948955
3380963
2732255
4468838
2429937
2863807
555765
1952173
4627926
2889499
6684849
5488429
8254895
507371
3639133
3872859
3531629
5950783
5831577
222183
4336315
6457752
6610896
7591752
4841875
1510051
5664460
1603260
7172116
4461449
3231950
5667431
2719184
9573837
1741336
9626259
7571385
5889268
6490167
977061
9616988
726553
3647630
4487677
8105885
771352
4231313
2311989
5349443
708820
7767311
8172994
2017627
6565349
989539
6710308
8451798
9034503
3789933
792952
7077640
9470323
9004401
1904930
9263109
503496
5937262
9383026
6022701
5640198
827502
3923449
2282597
1797320
3410793
7212168
5885007
1688741
4231161
3213203
9991849
9268935
1631893
7336498
5690039
8752047
33639
7324692
8182387
449992
2456346
102925
5287853
3258901
7418134
3629204
8533774
5715868
2593662
2320481
4347991
7962428
9635955
8522008
9971994
5865185
5698670
6245258
5482590
701530
8868743
5570234
9262281
2632508
9149963
4649074
4565533
2112571
1743763
7319585
7573042
9587861
2322258
3126704
9698367
4437933
5744439
998288
4512311
9375390
5927817
5438676
6667058
9175615
2708788
3546378
4576365
1405942
8099357
5824454
1657843
2048097
8027907
1630045
6579288
6438202
8798480
1348711
8944997
7147287
9205560
1795
8700286
7996472
58779
3247664
1947096
9510893
8268076
8961781
4504460
454489
800536
9890299
2532971
280400
9761658
8918033
1594163
577310
550648
4282414
4032310
6749329
8469015
5499983
5535133
240621
9074962
5128511
2703884
8360593
3528155
812796
2887572
680396
2230909
676230
1511616
731738
7049309
6284568
9747603
5172387
610701
8046772
3068141
7692502
8220567
7804522
4752968
2842659
3827172
4753437
4776416
9213844
7995448
6544324
3711586
9640633
3790531
2564821
8332881
9498597
7906715
4104660
6897677
584643
5759840
1918697
2422511
4580505
1636883
8521897
6561091
7655385
1764757
1405274
9072085
684136
634525
7103520
4613516
993889
5491388
2990433
5314084
5757061
6639722
5813136
583723
1923187
3628829
8123466
2716873
7728957
9842944
9862920
1704445
7483428
6167175
1818998
1129536
9103675
3320672
7153229
6955100
1493039
4382792
7122753
3022873
5070328
8380340
2751556
1461171
7228364
8267443
5525674
6336437
9867206
4312480
5712875
5751450
8310091
9211418
633037
8192371
4794957
5667759
4871311
3934033
4020910
4222857
2916006
9800180
1879931
1366126
3896403
5517461
2177935
536752
9802278
3192754
3620875
8331478
1294208
7147680
7939981
4736109
3602445
6216046
5962843
1417511
1498569
930273
3969710
7775690
3450794
5377213
6065377
3798996
5029311
4222496
2015941
5572568
1127521
513708
1565574
3388244
394810
2463078
7785027
3947979
5001263
4169072
4338122
3727448
3379985
9229119
11732
4167142
4977306
173775
8440156
7888
6987502
5944362
8249510
4721580
8559521
122651
9065713
6213773
5128386
6406360
7609745
6464637
3817300
7113637
3351689
2759673
9143061
1792049
7011749
333185
9423179
4526664
8280686
5030588
3828264
4111725
6518509
4095616
1006624
6249523
9506264
3449799
4681623
3679815
1408904
4204516
9322086
4601900
9566751
9141801
7596303
8977045
3897546
4536162
3172791
2428609
6591219
1440865
1001312
7212479
3416098
9060753
2729876
2086234
5893665
311391
957876
6961571
2676538
2942984
7860132
5838485
4115301
7363560
7428473
5217227
8888201
631503
9828337
492776
5412336
6067027
7602188
5970709
2041183
9098929
1414971
5571273
5405778
7550896
228874
3152857
5725615
5653375
6837025
224254
3385924
1870533
9498190
1569316
2390953
9159080
1346465
9746786
8153328
3262904
34758
9074984
1207256
5722835
7359316
5499940
4385480
6428173
902405
7808674
9386226
4649213
2949363
7263671
856350
6202417
8728794
6669400
4786604
7375410
6463856
6898440
5269054
3161734
5615157
2157523
6359889
4448807
4536604
4653926
3321715
5983395
9566851
1100267
2749911
6129004
4108191
9929224
9536606
5647319
6917300
3938623
2237782
1591150
2215258
4243568
1449837
1269798
1791603
4144522
8969454
9696421
5157970
2034483
2837166
1881715
2588170
3169571
9636259
107597
7916012
6121919
9417921
1745598
4580284
1242554
5977510
4225285
2817881
63913
8737988
8466333
1434275
8337152
2928478
6812189
2271464
6431808
7337415
630688
6547468
6629762
4096660
6834392
2909958
6103068
5464243
5479400
4891298
2920326
326366
7297258
8554069
1239125
9296597
1127598
8779317
5937269
7997577
9987735
2521436
684853
5318798
2138013
8493590
1314711
7661017
5568875
4853987
9150387
698324
2496798
9387348
3542270
5283392
4127175
8560313
925422
9083498
1181645
6373876
132578
7387226
6596562
8939469
5210225
5011800
6022097
2584940
4102374
5450793
1874143
6347987
9097717
8293598
7281702
9483273
4007023
8968236
2257367
2204365
3647181
8196017
4657877
3667
2365
5819903
889442
4757178
480062
6524982
5733809
1268373
2971109
4667288
4299138
1571106
3735240
6070261
9089672
4474646
918695
8334763
5694694
6625200
2722588
3103905
5488834
4241076
495421
7265561
118627
1205434
8729099
3319692
5911800
1618796
4299069
1633802
1074136
6257528
9998587
8812989
3202776
3910901
1603248
5303269
7876199
5826459
197538
4374745
9151946
4946431
6177470
9348093
7505062
1810853
7590617
9141617
7502293
3713718
1602021
4975251
1450516
7274769
4990821
9121643
5259534
6498517
4778735
5842464
4446180
1950918
1553720
8016855
9455542
4252876
5307902
3244019
756891
1719716
1057211
4964042
8719871
302956
465432
1066552
925712
6034463
6345451
8745045
5072641
6920967
2160005
8354037
7561808
8870845
2481733
7025096
9186539
449243
7085646
3896045
1336986
3416966
3125172
957491
4611161
9241391
4799064
4919524
4121520
4901647
2101438
3882443
7974111
8335213
4005512
5870084
9494465
4628095
8941395
5096016
4473166
9582325
6510747
6987357
322295
3876213
9169234
7223795
8779727
1198844
8152320
4174815
1919837
8170547
5891958
748473
5012706
1328245
9259376
8039818
6243747
4369606
2035526
6251180
6395564
283321
1515831
6627812
9918008
9223631
2940499
8362295
8722867
7184340
4716644
6757346
1414463
9148037
3045697
6463478
2573095
3038701
2079744
1130473
133077
3702758
4501921
6504309
4625588
9264491
6999590
4465079
5262026
5306904
4294026
5239970
3032180
9052901
3170916
5097296
9492067
392729
3120440
3319722
57425
38757
1752420
1063704
8454404
2499102
9096663
3662468
4181712
5042531
2268362
6741260
449998
5166986
3426026
9073763
9966705
4060203
8017887
8781808
2420435
3559009
5680260
1867527
9876588
4967338
2138498
5395014
9590782
5174851
7621398
2549405
5770564
7871827
7004901
8063457
9027149
3823028
6190321
7397702
3473230
7982052
9130210
7191706
4690306
2032649
7289870
3967761
3117426
1690245
9969349
5613218
7738449
7135423
2970246
5217599
1625749
6098877
9741879
2972133
2684258
8060016
7942724
9867892
8949949
6339075
2802346
4740571
7582009
6474703
1406837
3022310
1058868
2296390
9160912
6965314
6767819
7555253
323670
4267379
208511
4853496
254958
351267
7667488
9177239
8954125
1825053
4416520
3479043
4505128
2479088
7484695
5438138
5916933
6151466
7779223
390294
2182663
1279036
3277123
7107578
4442478
5080945
7492352
5259382
2797456
6169814
1946129
9640955
2840529
1392923
4363392
4684106
7416432
5117444
8451367
5707637
6920042
7216879
3257972
5504225
5413610
1439790
1526432
3372629
1482256
7847196
9725997
7447122
1727239
3500634
5409496
4656784
8539540
2208290
8769535
8132095
5491057
3550167
2520421
374801
8659673
5402701
4973111
5800517
7314972
4298540
6558684
6972139
7786029
3081214
1102142
7884860
6167468
2305010
2751643
2427390
840982
5019887
8557606
3298507
3250004
3873716
32342
9289837
8579668
666230
173212
9951607
2575203
7516249
2254753
6495947
381374
1940409
6313800
8542481
63907
8464415
354259
2210358
9650018
1460888
7935420
4334513
239838
1666654
8463058
2898083
7772680
7264580
1801793
2534919
2641769
7309654
5876546
2731227
9373619
3744715
2237948
4350237
2416676
4793240
2749073
3621789
4229326
5602921
3103217
2313115
2861207
9058047
4885045
4524323
4000844
5277874
7779446
1020148
1774731
9766469
2642686
276525
793187
624366
9108858
8259432
9503296
6881351
8078019
9100735
2316075
4334314
944910
5057379
2751187
1848704
1208227
3065324
6066805
3775750
5297470
3013171
3306737
5258962
4769320
3284700
668319
3261254
3937726
9387796
4092346
215677
3163340
9320688
87667
4971323
5244176
3871401
5230250
1581562
3576914
608824
4266394
767608
6831400
220038
557931
7596004
4532333
8955401
5825445
5728496
6165953
496419
2613534
6159523
5155764
3686469
4626695
6553334
8113768
740131
8871393
1904693
3355426
1668253
7745991
2533151
2161017
7522015
5670319
4313038
6313506
5090358
9005209
6439689
9982445
2879512
7633336
1400304
7001581
7364534
9713240
9531696
8676826
8547956
292833
3245870
1538315
2917402
9767264
7594225
4417178
8885927
863603
2055619
2384246
4358959
3470881
8432825
4939615
5987703
5351307
1591012
2492731
5240899
9017097
5843512
7778815
8055618
8992955
8580639
6591046
9175127
1900975
8759916
6560558
9158907
3898161
103195
8177427
7124244
8702610
1622446
3960597
9877103
3504170
3113419
8590635
5315700
1847262
7649152
4390064
8179592
4990260
854741
7108653
4587012
6722345
3702263
8427776
475782
8974582
854096
4586430
1399841
8626872
1683000
6539549
7552834
2586690
1861160
1975367
6994386
7694215
7852299
6713197
2003630
639769
2703336
6590526
6988954
4171988
7080437
4361876
9046324
7934701
3059559
7257796
9491344
8442635
5804241
5379627
4770523
3225465
5548625
1653486
9599446
714175
3173791
1221912
3776920
2524353
8372274
4004642
7967266
1579917
6357642
8472993
7752241
7565213
7332043
8923554
982448
9015342
5487931
5262999
1525801
5721174
9800343
9774185
8333806
667421
8987293
6087878
7758232
7617817
8472037
523677
1026706
5697623
3162406
7682127
755002
8242548
6338975
8643318
1112350
531977
7606381
56519
6799661
1529817
9167518
3502481
9453337
5728876
6548447
3110810
5821255
9643458
3004579
386936
744420
8913938
4100354
3877110
6916051
5020541
211619
8891736
5229685
8256543
6215914
1338829
3746308
1526420
6687757
5823258
9668735
1230128
4459843
3621197
5847438
6846610
8208211
1320119
7885052
2412361
6448695
5172564
8700807
2761159
8470624
6398917
6970332
101477
4847171
7659195
7884328
8623017
9887252
1471629
5353724
6917543
1656157
2851647
9119784
3073027
741927
4490593
5682829
5690263
9308476
4946199
8330523
4345581
6221079
129455
144058
1180998
7457684
3571776
8405618
5535147
3179023
4952625
5165422
5602989
2526178
3202724
7932046
857530
3748574
3125693
3676909
6730208
5061238
1195840
2426003
1915828
9692667
7507419
8123301
5533764
2269419
1919652
7212652
1009705
6900458
585960
7599976
4994650
9456606
9816871
7844766
8842597
5564536
9919349
7182539
1286436
799910
8707438
4474764
6490552
17484
8374764
3578512
9935889
4698449
6605529
5613244
8842279
9296204
4874737
2125849
8351754
7669854
317872
8772298
9410263
2789221
944188
6258448
5060871
1217023
139632
9084334
7148952
3163527
707433
3176908
6604521
5292415
2583832
5080821
3637412
7244580
8599737
3163799
2216808
1109308
7446499
8959538
9815844
6983906
725907
8981674
5729651
550028
9514078
3288146
6832125
4041633
8949292
7631797
6609240
2964949
2743521
8113500
8576004
1720013
2249223
1752251
3282352
7234286
8079070
5651839
5766651
5778193
7364627
2432122
8064779
3348148
9120791
7962157
8337075
4554522
2348833
9579117
304023
9008070
3518972
7374181
9769179
9724708
1020028
9998197
6225319
4858000
5928954
3667295
9904640
8853149
3702138
8341463
6363672
7298653
9878481
8331670
2106370
4574768
6391103
6959837
1529126
6963181
8733042
8890951
9215233
2125281
5915786
2270831
4008076
3014685
6550062
5392815
365102
2568508
2369207
3127460
5299242
7721017
1398941
9031795
2460630
7984239
1803705
9867199
6527838
757398
9854282
7518923
4889124
9701529
1223079
2819564
9203035
4401995
2036233
3049472
6761313
8687908
1824432
7673484
1728683
2513632
42694
594416
1597154
7088103
5345945
1190042
4809525
9077614
3522826
7663250
9173410
9564974
3283182
9598859
6309212
1833238
9937640
6458592
5085190
814661
4475767
4918195
9058265
5040196
9162603
8953468
7355361
7980353
3975992
5973704
6687329
4207345
9802181
8188806
9765081
9624078
3158287
6964690
7163214
7225126
7425345
7835918
1158208
5555389
6326579
5634745
8757102
2888336
1937364
6645608
8124588
5114232
4498832
8291161
3080603
5323934
9901342
5874670
501734
7593461
4202591
5693637
8503518
6593644
6708501
3171498
6416517
3657713
3589828
3644335
359636
4760007
1691407
8475822
1273815
2099384
4511604
8862026
5550217
3774196
1839508
3982841
3923638
6592785
9745006
1404872
728883
3593754
6598473
3217946
5117192
1865716
6885653
7002323
5082707
4332362
5436756
2082423
8185708
9102889
7087957
597533
7853624
2438983
1440246
9001472
12938
7530143
3904549
8102177
2651621
6405928
2503772
3199288
1957585
9394403
7471514
572089
7125157
7954707
9845190
3401648
2210317
6865414
3528391
1391540
658432
7434540
2933514
9983444
8256879
5602864
4418501
2626781
5539192
349695
6262231
7018973
6167178
6842573
605709
449584
1234444
2302757
30877
2225775
5758661
5735690
5295111
4952067
7071690
7704028
3343465
1154643
4046136
6925227
1502844
8289170
4572554
5113972
901031
8841821
4419310
788560
6834662
3710629
1146805
3809550
7796342
7501109
5879917
1067109
3356022
8448099
5406850
8542107
9151082
5156534
7845831
3738888
5012271
7744394
3998243
3371683
8446752
3028520
7321705
3753312
6108643
6076939
6150773
215317
4743208
9197515
7958589
438479
3014811
9044957
6821110
7481772
6473803
4414495
5163182
3025470
6247037
4365592
3545660
6024030
1720324
1907091
9797385
8932955
3985547
4500237
4344515
3169357
2375232
1434587
7400980
9262531
464248
9327352
7747995
9574744
3215961
7957854
5658974
1933488
1557201
9723507
5501534
9156534
3501079
1009087
2536902
1548065
9346988
870753
2782227
2062080
6959448
1114925
9417972
9657187
1255447
9688983
4370665
3142649
2442710
7604144
8409358
315486
5211204
3726397
1786279
7814548
1015150
6620380
412994
5278253
4363671
5373129
3369994
8341865
3684759
8716926
148569
2028172
370764
8284884
9526980
826377
1430812
9071807
9300479
5882190
3920242
7453916
3202078
2298622
4318897
8883940
2761219
4122317
4827520
920023
8547719
6574136
2741764
8111230
4461133
6212307
2010713
8777892
887127
699147
3032304
4784137
2054941
3991871
6249636
2719800
6038279
9849696
1986830
7837339
4677978
4825279
1360744
7796823
3681046
9797911
9310305
899642
762889
7065663
1250281
3160123
9105714
9631854
4585697
5744123
8640283
1779956
2316133
608977
6293082
8587050
4332026
3780209
8610849
5949790
8168537
2315363
3852122
6483854
1469537
2829941
5891759
7911637
8912083
6406714
8400538
5403853
6112951
2862923
6233711
9331467
8153874
863682
3444342
2229163
3980962
3840269
4303898
8959441
3236592
9672901
3608124
533950
563786
2342002
9156596
6461153
5419801
6772489
97121
9072607
7714134
6646841
9086561
7480888
4397450
7675598
6115638
388330
3243835
2221747
9652359
5083104
9414368
1201107
3707014
2099965
8258389
7261320
2570315
2197547
3773053
1013950
9822194
7204290
1797046
8818507
8840182
4356944
8038618
5445086
6731987
8758808
1356329
2499250
5122664
899889
7072687
4396460
9689669
8833982
764017
28520
8127422
7166214
2850771
9089350
7036862
3172174
150916
2741964
997844
6997673
2590790
7346527
8495648
6121994
5453163
8816061
6753985
9057407
2665018
2623340
9204698
5155472
6987136
6989940
9050108
5116530
8662797
5559612
3852297
7201133
6962420
7698143
8458084
1567144
5013799
1573315
6745111
736221
2033399
1608040
322477
5179824
8955918
9180792
6823804
8496833
2560882
4077203
295299
7993656
1698959
9788904
2370839
6040116
3443499
4840174
5483580
1501967
8771914
5090870
7897386
9341768
3095171
1420589
453208
7231588
4432432
5793928
7038886
3948001
8405291
2239652
2942628
2273453
6984034
8867811
7926099
626364
2304264
2758193
34255
206862
3097381
319382
9828022
9305791
9567024
557776
8296660
4556269
1202168
5953074
1589526
8438389
7404190
4679886
5244001
3794275
122387
1849699
390263
6042633
6184822
9868447
6336229
328342
7345669
4183784
8103372
5786933
4322456
8345328
4703969
8788411
7287790
3519003
7663260
5597150
3359339
8088620
1276212
3083208
6008771
442646
3503630
6100401
1681290
9917930
2670079
2483703
6475198
9982788
4055297
302325
7529037
3628255
5134130
9480236
7228069
3590361
1034957
5148139
940132
543574
9854013
9795122
8355808
7506015
8800213
4261554
6614317
7300495
6474462
9436706
5402611
7029828
5343015
5124018
9159608
5076641
6734873
7068870
4077947
8970016
7566432
5734931
5429117
1586603
9096984
315147
6193756
9420734
5020356
269015
7212603
8376967
2669067
6602430
8576385
303798
1886994
7678257
2298194
1888300
5465655
8323097
2890532
4232426
3989406
8918101
20764
7630264
1329571
4284690
8201979
7551249
7192654
7775648
7727684
784115
5508953
4137652
7254842
4087800
2730581
2041378
7717273
6679594
1182693
9821079
8800939
7651734
8653754
9611366
1431943
2887263
800127
2996413
5324869
7230152
9229016
7321914
6968128
3895805
2082613
6269133
1836691
4771842
4702589
4096672
9143602
6422422
2946228
8560101
3340781
3846854
6906065
6230360
1422650
1220638
4272405
3931677
5669752
7173957
6868489
4968652
3497567
4445039
9595942
644238
9764012
7101265
8485466
3263037
6905373
742656
7072139
680678
9822147
6073526
3093491
5308748
2085114
6888391
9008553
4422286
5815646
3283291
4575343
8821756
8041185
2335245
8311670
2448463
6738256
764177
3067728
1959788
648789
8274115
9637437
8482814
8862403
2903195
8464763
1475610
9685476
2449162
1163573
1104239
2516274
6150385
5120238
8570595
1671550
1295921
343229
3826531
8486346
81003
4124354
6909407
7137724
2280087
6146129
3554237
3890501
438152
5499767
3386029
7028544
9374821
4057264
483169
6660926
6857849
9247422
6471619
4146093
9783329
2312630
4574428
9900550
5857896
140650
8815840
1057673
4094511
4876766
9270107
7465901
6578142
7665674
8785109
1081216
3224056
3246992
3935373
898404
2280238
7401261
5375722
4921927
6174018
1279622
2840956
8653027
2184377
7131280
2709860
6175154
5252121
6055426
4826472
9850211
7593960
5848795
4935345
8537947
953115
6432966
7618928
3021260
2186539
7409650
7099092
8888154
9069252
4810760
6329037
7786556
8136684
5769689
5353695
143884
2054196
6438302
5430581
1703520
7547877
7445492
8170837
547911
126441
9460505
7370511
2845273
4462521
8374372
7769418
6024251
4534636
7205428
1520946
9478143
9848296
3166649
7964621
6764453
4433454
1075475
3458945
5449708
714799
6382180
4391106
5902809
1945225
9579875
5391911
6933163
9002471
2505737
6620721
3509836
5704422
8261309
4335012
953317
5648678
649271
5937531
1173508
8076371
1548224
2495077
3478449
839596
8988706
6107104
101987
7700677
5203886
1278029
2039977
6802813
5646762
3159767
6906325
4371172
9529517
5005822
5488167
7050946
7447742
948643
3714035
8313458
4687586
785031
3927705
5966098
5126885
940215
9912512
7536112
6695814
4549579
7910626
4690286
3914294
1714388
7011568
3156140
1836133
4656835
4200427
5558808
3448947
6313075
5541945
8336016
28810
7757167
3912729
6121811
9158586
7576231
1783499
6829076
3548504
6812443
6226770
9939469
9740064
685087
749041
167123
2078736
1260832
5625330
5847292
3497184
1572478
2348015
817964
6895030
8217207
7752954
1589361
2451787
2105849
8765863
5747616
9162928
2155986
2465546
3338225
335760
920448
9904687
2934421
1869846
7312661
3830625
8199609
9836692
717752
3952623
5748966
1315680
1522673
9006759
1776109
3175971
5923531
8743832
5818082
387133
7312639
1999512
3853644
7456379
343493
1273528
8278737
4612128
6735424
8106463
3656520
2063843
8791984
7168550
6648182
1360838
3294222
3104043
4808798
1778721
8781538
7831015
8537897
6022193
6124594
1831475
6946906
474651
7256067
9237373
2747151
346558
2200691
1725324
2326624
7163298
7199118
6600183
21058
1447872
4889431
510169
1084757
6909039
1258561
6350034
1136110
1269515
3739413
8273527
1073083
1454854
6725145
6969176
9301304
707493
7503704
3948925
5134440
532327
2050571
2011102
1427594
552351
6761027
4855362
2385938
9422354
2276432
8012857
5518915
6876159
7759659
5101754
5810485
5271622
7905133
4192617
3632285
4254622
148498
9714430
165020
3978470
2602886
9242210
8979843
5271987
6042423
9522393
1002120
6266586
6989052
6654366
2857822
5145745
2154539
2871737
1909324
1093698
8035405
1963133
7511850
8804920
5709079
1834366
8051516
4079387
2901435
9223127
4275363
5853759
220153
1891141
6147666
3648047
6478625
165523
7583697
3957633
4241068
5157059
7099758
2556978
7580185
6873523
8322946
4722303
9460995
374010
2946288
8832588
60789
8859211
1421245
906444
1451467
3769828
7105702
3721864
4374173
9640284
1081731
5803989
4181823
4777788
3826660
7454480
2012699
3441844
3728128
784623
1749973
7875843
7679355
5889026
5905947
9793535
6134451
3745218
8478992
5207699
205448
4928528
9341624
3675587
8537226
1170700
5630171
7871878
8105610
9779792
7652158
4726237
3517828
8941963
9645779
8969708
879535
6173339
143512
6293336
5770914
6282742
6660317
1248441
47569
8002067
4486973
7717483
6729459
1338107
3528600
7938135
8340334
4904006
713189
9452772
1540161
1208188
5543067
583989
4665287
4439513
699397
3916789
5081993
6012196
8368174
1502543
2897938
3903894
8356687
5024782
2755308
8548802
6590895
680692
3601286
2968232
308570
9654746
2520537
1863577
9647535
5360298
5058851
2357031
2098231
7528898
9784940
6774449
4647969
724746
2392176
7965744
4721527
5892723
7020903
5114900
5984772
4041133
2614922
2514681
158868
5644160
8304359
4171168
7972726
7471682
2352806
9112853
8292319
8708951
9209172
7334188
462001
2020603
2801391
7457241
529328
9820687
8531445
6432383
6895035
4093756
381105
9593949
4177044
3073949
4948617
4548451
4518902
943821
2884073
3337430
9273945
2199299
1109741
3918127
896782
7160565
2981825
1370679
491539
711811
141005
8296650
1497083
5454807
3708747
4981609
5593861
9575906
4120471
8409761
9842880
9408768
6065107
71775
7080510
3928529
9511937
5594912
8149239
7149491
4933635
4706861
822126
1306830
4548869
7991215
8207009
5355656
1183863
2608109
4113717
2393959
2860757
990725
3128599
2606531
6256717
3380526
765094
4240997
6872152
5969480
1725693
8646976
1473833
5445745
6514979
9363480
1373376
4029703
7743453
1671199
9300630
1925686
2529462
9753265
5073596
1573788
4428205
3552804
5721869
7067084
9376348
9652943
5039812
3476318
1214548
4789898
6864351
7355525
84923
1042923
138697
2069946
293835
7347054
2595477
1311479
7332314
9832869
9752991
102398
4389929
7830023
1285310
6014645
902457
8952914
2205326
2133104
7791810
630037
8728259
5009565
1132063
4658611
608936
5953206
5213489
799264
3854380
5033766
3816488
3326544
7051470
1755220
903025
2559357
2818224
9256428
7972177
5787162
3476300
7170898
798749
6872569
7837513
4381600
7666179
4956868
4556652
8138346
4319541
9590446
5542620
3991578
554959
5851988
7650874
2346132
4632424
8650322
3416277
7286580
6349521
6528979
4619288
2424769
1529060
4470049
2771813
128162
1702780
8505638
1903680
3299130
1093825
8555704
1999073
7953502
93450
8660090
8135465
2112411
6102426
6892595
3196971
7993493
9919336
5261054
249271
6213944
684773
1218485
642037
6467578
8962469
5715209
5298893
7050446
8392471
4821484
4770737
9353955
5735215
2153333
8023590
1997108
5833919
9404068
2356326
3389694
5651525
1251985
7084763
270215
1640864
6475786
5397651
5346520
8164227
2668417
917220
4194684
4316265
717593
3341349
8165309
3052577
9694341
4600605
592719
8120343
7735620
8704733
7839680
4109193
7225656
6687938
6070209
4726631
7723906
7439128
1327380
9248866
2341317
3825749
7852608
3825263
9900572
3812283
6021538
110053
6707398
1714196
3194662
4169081
208313
4841912
3690582
4866106
508792
9635
2306818
8943470
3538414
3112065
2974530
9991167
2529488
1397075
1201508
5232227
6627085
6032456
6833522
9183477
5044331
14580
6501345
4966279
4899556
1856931
6880138
5927452
9653286
4974475
6224030
4791203
3602401
5791773
2459940
8718326
1390872
7921802
848276
8216237
9077082
5696849
5362205
3210976
5098754
5314480
1798449
9729004
6148691
8820056
5016695
6703759
6248991
8243313
6029767
9197452
1356112
9895706
9937063
5011477
7044018
3465519
7284461
9686994
3834726
2964337
5247283
5821278
6361645
5256327
8602897
8609044
8541189
761314
7281190
2465169
2821465
7480636
4511839
1354185
5692639
410610
9763613
7436727
9994511
205824
7988603
1344633
3062343
7700655
3059674
9333508
3842569
8698029
9148824
5261930
802697
2694244
7028703
3550884
6903901
1969967
1232634
9696767
9321946
9018810
9359828
2485517
7034842
5512652
9016048
878806
8009523
9586384
7679858
2698233
8409455
8250448
2581378
3770439
9217680
748395
3974243
5501220
7027793
1449150
2838015
2607325
7875247
8112060
4145026
4827966
582944
6649674
6047687
289019
5142206
8834337
4777278
2122100
585880
636642
1805117
1964893
8718521
2602947
6582599
2395231
7745100
9558303
5547110
3376527
8993085
2286050
4784414
7087881
9326191
4734664
4662624
9629095
4626329
4149939
8089488
5194472
7823487
6941275
1391741
3311888
5193855
1660424
6847175
3246966
7855118
7489138
4687524
1024267
8933816
6178519
7265665
5051547
6958970
9106460
5258375
6546529
6003849
8404425
6184334
8362878
8776274
5503870
8177929
626130
5481580
6948416
5237831
8045511
3338040
3421022
5343233
4523158
2692945
2453283
6540784
6535649
9224687
7406518
6543927
3757500
5936659
4289827
3623783
4566773
9636622
3615796
2172794
6964490
3410339
46872
3863001
3323376
2686096
8291817
8786569
7322414
9764652
5823005
535782
7031012
4097953
760979
5214981
3544638
7127206
5080412
9044792
7966896
2879567
6004133
95171
2784332
6636475
5154469
6334000
1982036
7026358
4999026
8497118
5054561
7131272
678582
7464222
4535658
4252384
9121519
7568766
3888488
1000451
8974316
698852
1255068
9631095
8281877
7528517
4159922
9407108
7313392
6454956
556835
8932145
7245356
3816241
3918612
7350425
2475464
3772145
6430790
5410832
3147021
8180400
1478380
2575448
5988908
6554890
868484
9009460
4477229
9515286
9870057
4751963
7900896
8775005
3386717
1320581
3612573
3493796
1109187
9427630
5489033
5935030
1002573
5800003
5330828
7687824
2074410
6736132
3477227
1039332
8220448
653294
6040269
4237025
8439150
4079073
7844252
41462
7625590
8539137
4158565
7060367
8256822
8071800
4061192
7338039
847119
1111244
2220688
4203398
3228363
7952294
5470616
5697898
7115037
8744475
193699
7127714
6660478
9307279
609126
8043057
3956454
3151820
3353835
289913
6134899
3704699
1804564
5841661
2951134
9836089
3394504
1023856
4082501
7146516
2199814
7268682
3646352
6065033
6501077
1208604
7777659
8045352
8708557
1368621
834671
1428872
7267940
9635898
2167518
27261
8222056
695301
836634
701603
4308658
3147037
7525156
3032645
4474618
9138607
2245458
563669
9917580
7313589
4243198
437523
198482
1937063
4405738
9191450
1629470
9744507
3980381
7472732
9440109
6310591
5299343
131396
2278714
1067557
5227718
462397
3807891
7784859
3838926
6459655
5111800
1079649
5227588
2724230
5744146
6472885
8951769
6948858
7866648
7411296
6988156
3633282
4172284
3484424
2350531
8569912
2373416
1254793
295016
4080958
6534291
3670543
8620860
3360367
9201152
802940
6686665
7512961
7699235
1013
5562783
4383801
6651716
2423058
5680864
9724887
7547140
7707790
5129292
1644272
3872356
9812660
306779
2955478
6799548
3949874
6037396
351076
9284046
1484712
4838790
485916
108305
3535817
7956618
6259266
8909646
7380613
1408020
912294
60719
9792899
1096251
9368534
5593943
4465584
1249206
3347161
787607
2861918
4643179
5224837
5924232
2310904
149793
6174123
9274491
2233886
645797
6307579
5537256
4191780
7504904
265087
6659743
6354747
8533584
701144
5150225
4185023
6463806
7381146
286005
4482170
6130846
937533
1187807
4626454
5185567
960601
6120323
7668035
9162929
1690355
6417244
7288569
2975583
967457
5409717
7644491
3451951
5822960
371490
4627026
5303014
2234457
2554335
915814
8023349
8404176
6125237
5443505
3308608
7389077
775077
2783997
8689233
1273827
6119894
2365175
2755799
20035
3395708
1988545
2210641
6015778
5376311
9760309
9406423
1102311
25775
4139575
7099474
8017674
4239430
4105807
6801499
5365891
9231146
5031918
9562798
2497310
2959694
8728051
8373813
2645647
5739348
3259943
994222
6697835
9983400
8788806
8132721
1316662
8969023
149085
2229366
583645
9544864
6277839
7133028
8574490
9454058
7404076
7218196
6976849
5591623
5169459
1908693
28845
1429927
9344092
9614274
4672765
9053328
8247142
5782254
8928169
9169555
6486780
8297873
848320
2135796
236784
2206076
7146675
6593362
7423954
5723575
4111169
8584586
1558365
7085901
7951885
1476418
6805240
1411254
9518664
5820231
2599757
8304270
3058992
621982
7912016
316372
6384663
629195
2627457
6904296
223001
5870835
6170049
1837033
6232958
2648923
9754514
3304445
2581235
6277318
2896968
1568347
6859132
838917
1916514
9620255
7017377
2216960
8141642
4770310
9426809
1767737
9695747
5472766
3949333
5321944
9527921
9749576
3078086
9718988
3240312
1712113
9280405
1767521
4964081
7922309
7079069
5896046
8755772
3088262
7453272
2004502
8738495
2571428
2450971
9043988
908140
5637133
8667765
4193776
6690801
1192212
1511111
5926208
7256595
918520
5009183
4917134
1107739
7710514
4582339
6928452
9347653
113144
1532326
3197601
1247948
2884149
7752860
6263406
4993912
6484549
1288129
8953252
1464893
1072655
6679981
4285763
6428937
6183410
3850384
4580351
2396110
2085578
8544315
383508
9336347
2047831
9364765
1428784
3895433
9589583
3287536
1999294
985226
4399035
8384128
3118434
4647158
9253049
848763
357432
632933
2827765
5279633
1540166
8237192
5291191
9531608
8783163
7027733
8823365
7930772
8526739
7755552
2931708
8840611
3847619
2831934
9026459
9689427
2939904
5373462
5251991
6912998
198474
4594501
5361315
9834097
7935480
8744512
3977079
7449015
6521990
6450623
5106509
6524630
8302103
9057076
4985822
198564
7680624
9118788
3855590
7626680
3036613
2061328
1263049
1256714
6767175
9620800
3767335
2946455
6968289
7424998
5636284
8775268
7673579
4124251
5538367
8126493
3598823
4386950
6289147
9292960
5427593
3504036
9165562
785863
4122589
2533658
6098425
5395484
5802718
1228837
7021488
5377007
4219311
3815435
4040852
1415319
1937659
1184762
5740616
5082995
7897242
1179265
7855658
8762462
2427349
7819130
1898727
2109134
1105450
4964039
7321503
4476441
7978188
342038
3352030
9111337
4818976
714937
4907453
3341666
7440047
6515557
5407054
5062447
83708
7862230
1983662
7456245
9083170
4805983
6440707
2089908
5738107
8291185
8438315
1417748
3905494
2220180
6890330
8046377
3360827
131096
9869115
5306324
1979514
7548213
950138
8903094
7176013
7433539
6790676
8393638
8024026
4133870
6387166
5405182
4347795
7401877
9079988
214001
150534
4404297
7051629
3751584
7707285
6099984
6487877
4731729
9598484
6992963
7011521
8199001
275577
3053643
3707535
7434894
7633481
9286725
4065872
6856248
6816616
8256558
3827855
4306686
1772207
3512466
4789353
1705063
839339
8327393
1228177
1362813
7248497
8183978
5687219
218279
961466
7913460
1900951
5014558
7694820
895404
7343019
8962574
3860020
3899091
1082482
9895154
3531727
4951632
1379337
4778465
8672526
6474628
8354470
5712837
7443487
494430
3356912
5296544
1001426
891166
7363581
7481033
8146582
1814421
9830461
6332129
745225
1760574
1822962
8145322
4344830
6136677
6265019
9891985
47227
8211337
4198571
8069509
3998238
361164
2600354
5677010
8529689
3255840
5740255
6878003
4727155
2340142
8481145
1481750
5052074
6074807
8668604
3039287
3416958
3512129
4780301
789709
6341955
7094951
4271814
3501198
7399713
9427327
8338044
6673311
3932755
1810854
2275549
7108520
7165261
7822084
7788355
6539945
961349
2102665
8404835
4305605
3559645
7951390
1179761
4393605
9350096
3384912
2979448
6036794
7699961
4681952
9303374
8014432
8065086
4921514
698878
3605938
11357
2464037
9262683
502772
5466106
4145813
5115659
935244
1234212
5679299
4553814
4795357
6884860
7451161
419133
6035515
2159308
4052868
9750896
405651
1516863
7041344
1702190
6475510
8655958
5688222
801313
5596505
5180488
2635028
8911741
3377905
5975170
5834497
1283375
8869069
3334671
5083538
580863
1501885
3665864
9695411
3697453
3662265
5785169
3273795
3066586
674217
4030448
718239
5369453
2173758
5564058
2605275
7823894
7885629
1009732
2436293
1951699
9901927
7516023
5308991
3767561
8582159
90929
1544829
3914074
3891968
2808385
7875892
2419732
9142039
1629739
9729197
6808895
6714398
6883524
7559610
1653076
9659809
3719516
7217113
5877683
196671
3325309
1192428
7035755
2610272
3686005
4759810
4761265
9012261
9820412
9362394
8574134
7036331
8906126
1744296
8059528
4449840
5541546
1226280
3334198
7209383
6615351
7386575
1590308
9253212
6722838
6636668
8386715
7645882
1848281
6650485
8916038
5954791
4759483
6055582
5875494
2001654
3047919
2544950
1642362
4964517
7233675
8394519
675540
9698037
9786835
916536
4438325
6939761
453685
365491
7654681
3252770
5448411
1493037
7165141
4518994
7075663
3178510
1779165
5886644
943791
3754765
6455340
5736526
4885250
6385363
2575547
6234762
9172540
7367878
2158117
3969901
7724319
9038283
5005591
82393
7780954
5152134
8814769
8488516
5900502
8697181
1951200
7677231
1196740
9672400
9461984
597873
4414383
5665263
6496871
6652204
9685099
9611398
2014621
5412731
6651155
1641587
3601373
2100752
8575692
7019216
9095960
3691227
223823
8915153
3088594
4881357
9043330
314286
2758458
8426110
1694095
8417934
801794
471192
466859
1093370
6154453
2030807
8399382
1152620
5269988
4637163
8645716
4579672
750227
1086153
5927370
9864129
3020077
3032127
1949261
950083
3228378
3399733
513678
9775618
3705573
828521
4498252
6107509
9329730
2343367
9593858
6667756
7632508
3157882
2669028
573168
5788829
3235761
5391460
7974568
9897818
5448974
5284000
1609680
2769057
4188839
5370634
9103566
9429386
2473675
8296475
2308563
8460335
4734136
6436206
3830567
6020884
7804347
1528028
1882463
8172225
5492231
1853258
9952383
3856045
9155264
6162827
107629
7248206
3989125
1799642
9141435
571090
5027303
9892650
2781088
9541062
7503227
2632884
91903
3319232
2865604
5922310
2226419
8195299
1362446
5973877
7021179
6431471
4577747
8188150
2772206
7853005
6607290
89084
3353196
7087065
5581036
8192218
9655327
2066362
7100283
2365148
1592094
4960619
3507083
7636035
2708524
6816054
7372910
7694246
450571
2794966
6188069
2827090
9106524
5791201
4616665
5823368
4199626
8147188
5654912
3660982
8973181
7053926
2901940
5331554
8927410
1416318
738038
6081416
7590018
2445526
7691626
3034428
3626187
1503648
7263496
6062145
1567849
9941908
5873990
9782098
3056297
7761729
901342
6833276
2966995
822614
6084161
7290810
7495485
5249331
1984523
7934846
9654655
3371189
7496587
7375698
5350320
2937937
5946895
2119018
5201383
9926161
3651942
8444242
4053141
635066
6214939
2191005
5897414
8371812
9196959
5945614
719826
9949387
8102077
4367323
3979490
1227970
2324961
5631881
9361713
4440789
2185832
9207681
5900307
3934822
904345
389879
579107
9021552
547177
6403260
8711268
7354945
207535
5955693
1906793
4453974
4323942
6235016
329998
9485856
4366868
3842913
1715743
2103315
3219809
7791153
2306230
1343216
1020251
4049120
3990175
4410610
6040521
5088487
4038248
8007343
1040851
3262970
2243952
956169
1619158
3089476
8274696
6195424
4978139
6415450
7849781
6366421
6797513
3391295
9834104
4560423
233433
947356
3680905
3211241
1175480
1238210
8310584
3492614
1783698
2847491
833475
4289513
5344963
2179613
1389573
5499658
3907630
9441883
2235981
478533
1166846
7716695
816174
756116
1446740
9307969
9573145
3010797
2505935
6246824
8690597
5182743
7305883
3749321
1651051
1046034
9654634
2856773
6433610
9715070
4139835
5404560
1956550
9977619
2650164
8619429
2543763
3075846
7422687
2712439
1522808
89123
4868338
1559254
1592884
4657651
1018327
750993
9490812
8871020
4643934
6486002
1543714
9768540
8419353
743730
1480273
3165566
6819374
9439932
9370491
5120737
8075763
8130353
1746765
9796615
6851327
1014088
7023804
5174882
8241367
5964298
7006879
4120032
2122281
5080081
8812151
5691662
1855996
4713916
5650190
7848151
6091924
9385878
8864582
3305292
6098161
7389305
7404487
1742171
7552206
6586113
8057651
2652100
2247673
4422047
1069333
389486
8699562
1493022
6065085
3567509
9814359
8380662
1114496
1723810
3682113
432049
4190267
3021108
4223494
6847619
2526700
4419122
6876128
3253559
63445
2928695
2098398
9388794
517058
3992356
490644
9301663
5825643
1632379
5205847
7932560
6060634
5707819
2750856
3837598
7672546
9953121
5394778
9113562
8961628
5750670
4547460
5477307
3177682
1437513
5958281
8827084
2837814
5194193
8625200
4416783
4064244
355845
9711744
13452
6352672
3109950
8625367
2972769
1708159
7266061
6509603
3780815
2364681
9031395
3752453
3555568
3063120
6233636
3412173
1285130
3359786
397865
973080
5741768
1459555
2090285
2107171
6303123
8244231
4959818
9277919
5665279
5594155
1770677
5776762
2324536
730112
4757678
9387173
9701169
7071807
8295127
7728988
1298017
1907208
9534472
7386913
5762981
7355812
2704820
683770
3696727
9455504
8785164
7990577
4538911
3496845
2669205
7421342
6416518
3430364
8387063
4072852
6147499
6627533
2584067
8697800
6309059
6707702
9810093
8569463
6517502
9418407
8014147
9747987
6092575
2199177
4048662
4886255
270437
8117581
2035165
5285458
2819549
1582114
4512492
2492853
6103222
2808807
3477210
9778168
2118205
6078066
3952025
4846871
9792154
4094305
4029108
8204784
2095525
3007316
9834504
1838492
5089342
577063
7333369
7434420
2065773
3865
7152018
620361
8680617
9680455
5989266
7619775
2812490
3195815
4425127
1052101
8353083
8949913
9990596
2618055
6443895
9146516
3051174
3155329
5591475
9033554
3253588
3300694
5109430
2030003
9411795
2618874
5562819
5390835
5861185
5394221
6287550
9538014
1416371
8139774
9324764
9641216
5270616
9739930
6285252
8384167
8040316
8368727
5732246
8829289
4492339
5134949
1254745
1315322
7216997
8148605
6293584
9452413
1054809
2480278
8889999
4748590
3489564
1498572
9653735
7461000
2665065
1828648
1938235
5802938
3819951
9786798
2381877
6194755
8692173
1884329
9111327
5654097
3721876
7827432
9792939
7767454
3415306
4667967
6791774
6556507
7850075
2655182
5162390
7824421
5819152
9164715
386222
5959123
9386563
55681
8868330
1006201
925099
9585480
7089655
3953163
9215086
2917924
5489239
5317656
2744871
8701436
5446023
7320496
3801533
1383750
912340
9110470
4644581
5108941
9687044
1614548
5902309
5771350
1028722
2401977
2009082
2673392
5630665
3933745
4220537
6273084
3082178
1222349
7453032
6996390
3052443
6263059
8736647
3276793
2889457
6450526
1188287
947947
5265059
3747341
2836114
3667675
3962650
9059892
8793572
8092714
5202303
3135526
1758411
414086
9118917
502117
936408
1678294
5385710
7777930
644772
4417896
5455649
9503987
3362262
7331262
3236368
5031282
599691
2617517
4107889
3556750
8183462
9456935
6064876
6027321
4083015
2841473
2351368
646372
3808209
859877
1442399
1344145
7318871
3447204
8552267
389376
5138551
1261618
730565
7161887
5049725
926539
9269987
153945
7214870
3705167
4379155
80184
4558132
5599723
6575877
9583353
4500982
2071967
6906180
1221703
5130894
2785007
4144911
4002976
1653111
1891766
2898126
4706936
8813100
1672233
145189
7538741
1828501
5035596
1427567
7636445
931082
8853877
488081
9044352
201828
5907769
7955477
4463460
5571390
3950043
3890518
2741732
6638871
4248412
4973995
7386945
8304338
4560154
1508620
4452419
7982678
6492918
3459758
8345144
467658
892432
5606516
2846652
2984676
9352839
7096806
3325385
2508032
6745632
3408932
4361195
596646
801428
4688447
3716385
9932442
2726827
1832343
3807362
9839514
9080709
3794401
658249
4448748
9303170
6388617
2096431
7153154
7425217
1144357
4836020
359296
5201498
4193122
8825513
6189531
7676679
719383
2167889
1153383
3529158
6082181
6512161
77797
1260089
734331
52573
5592454
2745448
1923541
3955891
7317369
3999628
2663047
5183250
3315677
549632
2874846
5132036
2743539
6849594
1800089
5964897
7983706
6443418
2179351
449411
4546096
8809307
4639570
4622984
1920452
2468318
7772362
3460573
5382262
9859660
7621485
9581163
5616127
8136762
7417041
2472996
1712098
5642389
1642705
5949714
7558442
7671391
7789067
2491655
5962291
2769579
705606
9313064
2802107
7332998
9604744
7633978
6446460
6710891
965962
3880812
7310301
7298180
2283504
5110287
4730924
8762221
86992
4212353
773081
3298206
3225519
3257599
3095833
5960650
8493435
8865915
3709247
1935704
2219644
7915836
9799054
3062800
7572942
3142751
2750477
4052246
518265
8131203
241684
8953818
3785946
6460671
7846563
7338352
9011322
593003
3820039
480593
9621767
1822023
8084870
5685923
7880105
6278840
2913969
5008532
2120788
9018912
3984880
2537760
3240667
1000783
7323683
2928664
5926118
8808821
2292312
9391788
9290531
8066121
1000079
588693
3969399
28063
2660705
7869041
7490650
2955885
3564411
5645109
4351099
2299651
6003434
6347635
4717905
6799308
3761226
4354113
4149423
6978954
8385630
7886666
9277724
948844
4419181
3070398
9595442
1519752
4254686
1736281
5366037
3257235
8237858
4691732
3288330
3131591
2806445
2364001
9590767
581402
4683444
7907843
4036837
8374877
285715
2588652
5119567
681000
4185507
9327027
2997707
7419343
3285012
7879556
5972538
9125242
6601701
9883110
3520998
5156337
9837171
9583514
4463357
4095069
8666089
2813944
5257099
2753714
9894864
9006578
7922357
5136847
4919698
7564240
5456109
1943309
1328430
8946731
2807576
6662227
7413460
5164225
27950
4518486
9367715
7405374
9579282
5421195
6869172
476067
7147727
3553417
7315283
9596708
9488524
384106
9640122
5839482
6529101
9214781
7879940
4898033
4409956
181044
5484591
5018852
9463564
6869508
3851247
9381437
966906
5010543
171218
74716
4596058
768944
6683118
5924336
4378324
7004847
614394
5532836
6085973
2487554
4212681
3948498
1737218
7571682
5157696
970033
5199490
807232
1399602
2214757
9586858
5144599
7106388
6179128
2295751
5752657
3904895
819302
5314074
4776546
4866915
8555899
982967
8656005
3732298
3917134
720903
3433214
533517
9597581
1530711
2949215
7751502
6498715
3379130
9731558
9988507
131919
5130390
1538713
1057502
1010302
5560014
3581372
1096470
4072550
2476927
8412257
2536840
8263192
2592812
3720860
1758937
9725015
351958
9513355
1368375
1575638
1929589
6308313
8264606
5191555
7004838
9780952
8979392
4834085
2651660
6358952
3831164
8687798
8236038
3947488
3865579
4417103
46052
7413547
3868559
6714176
7761106
4092627
7766408
7928067
5791818
5349237
898259
3767421
5279327
7481
2146100
4678728
6866512
9930048
2059896
311828
551593
8744002
831960
6689605
3226106
1185998
8128860
7219820
7822698
1085359
594244
6751081
7394411
1961948
1681182
1106265
7721099
9609874
6872242
3476057
6464887
6077702
3824294
3949188
4519821
6350680
9396793
4808219
5881651
6356044
8110848
7683422
4097379
2961948
5983446
6988604
2962410
2935841
3545942
8198499
401570
4086429
6518913
7881527
8425395
1566095
5223774
5790047
9363649
282536
5330822
1155097
1102005
6182743
2159236
5979993
1481770
1240926
1239950
3753248
1820995
6375820
5721977
5659084
9390476
4179358
1586117
1760242
9157203
659437
9899807
6086927
9665010
1824122
4437988
4154929
2136430
8163455
4035546
4579469
33101
1570700
9811468
5219338
8581752
2455089
1788007
7848323
5665511
4832132
368528
8042309
4738328
5186477
9530247
590969
8648707
360826
5152308
8998863
4681038
3566985
5691879
4614896
2516213
1517977
5685817
9451365
7405629
8151770
638768
3473720
7424329
2681521
4258885
4586474
4960180
8045043
1130634
2275694
6921223
8812768
1573811
7915385
9103520
8566737
8090500
6045476
8623869
3799704
7920053
9265118
2286628
700439
8468538
306925
9093638
5530253
9715247
6699286
8409680
2683163
6408981
5742751
9958911
7245950
1094373
7129087
1376211
1603270
1808698
2956046
6161842
2976588
66932
403250
8470614
5443481
7732359
9966284
8171412
2314767
3581314
3914175
5459595
2716803
9995551
3681915
7243506
6442769
2213330
7442331
6093416
137989
9175986
7803105
1111227
9277266
4769455
8864880
6764868
1256705
1099036
9395613
6310645
4200566
8376143
2173753
4626226
6317740
885992
7682697
6385625
2421599
5911460
4251056
7855847
7056156
7984252
3408118
6218412
3017799
6017157
5015974
1517070
5764132
9931659
2164708
6797772
4541316
2031338
5573357
8265652
9277910
3267767
8005944
6181897
1105333
6326549
6497649
1053228
9650063
1198457
8674738
7591399
8931243
8152950
157446
5613418
8848016
7175386
2351957
4812495
685905
1173421
6443922
1294868
5675828
6361389
983399
9229148
8313494
2868828
3847602
2144328
7108120
8278875
4671133
1272936
5503708
1572047
3797645
1996219
3950754
8392452
1899291
9705283
804941
7164111
2236151
2337686
3607695
4731306
8325435
8046855
3707648
2308034
3893325
7015052
2692290
1468359
3128037
1856081
8573382
6875632
1947892
2268317
9228716
3168824
2029534
5587954
4881788
142412
297596
6230685
8481985
627300
5072314
6782487
163580
3663164
1757026
2073941
4837820
6895778
1688065
6899823
1730324
4787036
274416
8372198
8818570
2115675
7112183
6433677
5078346
7052940
3110443
5939621
701621
7485676
7046531
9661702
2283325
5941335
3158032
9036631
1054183
7071927
2699765
3374953
5800609
8366270
9664611
49283
6781881
9068101
6743203
6251975
6308348
1829707
3242628
9162104
2884388
5051936
9638140
1276764
4750483
2107756
5812434
10070
2798270
5719810
2321745
8659387
8711916
8461569
6379446
1450754
7077349
7662887
5799225
4501090
8792458
5721258
4622804
6629373
8564374
9769009
584867
5428524
2382039
8923624
4039027
4388695
4782090
5164742
6521560
6872194
1073418
668664
1430362
2896746
3439795
1515885
3639683
7954398
3835776
5171
3880626
5739786
4900778
3793880
5297939
7380435
6777085
4626697
6756893
9468542
5112079
1395631
3624555
3476770
6434030
5673790
2370716
723782
4972376
7063379
1563060
5987048
3883022
6121518
9452674
1715591
8598604
7299505
1743877
8519163
7677386
7575386
764046
4465376
7737982
6659982
5986775
3875807
8239113
4106169
360469
8172224
775213
2495770
3861340
6770007
8609301
947090
1792678
3613187
3049304
5193632
3273616
2266658
9127250
1963861
915270
963533
6650205
761751
8008591
4649160
9568763
6537309
9424555
924216
1873431
8341368
4428888
2619237
7360625
640702
3811622
5380211
9311086
859876
5890940
973850
1800118
4660528
7381488
6527880
7308223
1819579
4315432
198921
128803
3996037
7803161
5269017
9085414
9865815
7822728
5475921
5075600
7611307
5772701
3693598
8540314
2600071
4303982
892807
9377101
9297337
8021571
5459316
9815437
8209007
3644273
7829752
216122
809345
6128290
7799351
9236102
5516994
5065837
8978690
9724463
2515162
9715970
1734607
8758525
5178177
2799312
1398611
3421986
4146139
4760177
9035676
2305972
6047110
4277839
7631625
7789558
8311620
2809674
2513161
4131463
9041719
1274373
9688788
2888027
9452310
6432758
9278092
17437
4133212
566515
6465884
2455654
6121574
2166380
6568114
4290886
3358008
5986433
42249
9439774
1243679
5558003
3388453
4779953
2042435
7351348
5467930
923578
8865214
7732354
4037260
483910
4720499
4629953
3455558
6370976
482101
7408913
9654853
2364860
7229251
7226909
2982356
7494710
5583127
636778
1952106
1681626
3381447
1561558
3482643
9823154
8243621
3484232
3131215
7769964
5036489
3915478
4889587
1936055
8501407
5784599
5369252
1892009
863424
3060136
2452127
8835141
6155731
4422606
931335
5381439
4023181
4223415
5715426
3385328
2043435
6615439
8996116
6005049
7314190
5480987
7395036
7082098
3820899
8442001
4949916
4031735
3138078
772377
3468142
6125277
4313789
6685001
204955
5205370
1766714
9068386
1443662
6560699
6648443
2210739
6554704
8690859
3007201
8142868
9869385
2035385
7022381
8128151
8563065
2376520
6690896
9716041
8895523
9580891
1782725
2392018
7541126
703956
4275675
4902796
4902090
4479528
4452064
6558187
5962105
8592844
6770448
6583840
4281971
8026820
5008611
6791073
7026247
7970122
8363798
2443170
9878301
7629543
4740158
8589086
2323275
4146977
3877593
6450311
8982086
7008974
2914899
9876245
9386064
4850948
5204304
2087857
5350374
1479299
9478904
9262635
3031313
7697914
7037767
1871524
6922505
3883583
327130
6964583
5362356
9585052
3295194
4072944
997260
8702783
665020
7789496
1715168
7316403
4489713
3373841
5254451
5706709
3713265
7231156
3258480
5684279
7281669
142333
8549786
7633842
6114679
6133733
8038558
1075313
2436077
3769672
1468633
962034
9764759
6781512
9082035
8928937
6255118
4793711
9568760
5167194
4725667
3252456
1749319
2978232
3974295
2719144
1287407
3567834
7223726
7054339
6524922
3844202
6727616
8927934
8216423
3942578
8262782
4005492
5081030
8091214
5550177
2676433
4136492
1357506
6044002
7110924
3044511
3088330
7606061
9909075
9971855
682656
2652648
7387087
7939272
2662458
6966989
5616945
6384937
6435230
7715035
3635573
7848477
6727412
6745677
9602723
5523682
6392764
3649165
3199309
3716729
238347
667221
6761577
1058949
9991016
9032934
7314981
5348556
5601596
645441
984460
6517992
408348
4842109
4856684
597915
4408709
8724183
8770464
7298217
5810322
3741259
8645243
8056559
3367494
6544182
8090813
1348604
574055
8817532
8820531
8953104
7637361
2753742
3573946
8697803
5999530
1790579
3298411
2510009
246280
5790090
197865
2034192
1779630
3108505
7605683
1963693
8151245
5949428
6089416
8612751
9220029
7371645
1208300
8071092
5324941
6514931
6354537
1681445
6048514
8426826
6605873
3728554
212358
4268379
4910484
6472903
4764450
8540457
5838526
7719224
3936698
6612409
2884567
4420757
7795348
394360
2215348
2667554
8797231
7764244
7489563
5518518
2439634
7764909
5587082
4351315
6366468
2256504
683607
238035
6245246
7678572
8086083
5560688
5481926
3510278
6820787
2127515
1848831
7053193
1805847
5302644
4875049
5832891
6994673
9246269
2219763
8121591
3068060
2055420
7695661
9737508
5102348
4343696
8626969
1446149
5767346
7309295
1589140
2367646
5785321
2165099
8870557
7467992
1749320
3517406
8888133
8578010
9128647
380437
3468613
2824624
7394526
3093791
3670241
1142780
2379987
4796631
8837531
6961330
2316292
6458836
9966197
3553105
3391817
4592798
4509234
6352298
2623705
6305518
9657519
4612466
8547959
5194676
1077538
4921682
6562700
1957854
5303617
188215
441237
7658427
7812521
7042044
7177884
9512684
2327009
2442927
3311798
4939210
1928485
3837754
1865899
9394473
2332358
7672100
9744128
6606784
7254567
8143763
9202540
5857072
3694224
202822
7681929
8161323
6416263
6898339
9317656
2693809
6934820
8230435
815051
3032255
2615845
8119795
4047332
7930866
6540866
3833462
2193513
3827883
4752187
2296089
4864882
3838751
3828609
1949162
7398111
75438
9909699
22047
4644616
8656910
5662223
4689641
308901
2117652
185466
6069574
2269370
5240629
968395
1590542
1232977
6545273
4094780
1212766
8279828
342972
8698650
24025
4920887
3199789
2863806
7441145
4546653
9441761
1637712
3456001
2483818
3631701
8618355
8366105
7107316
5184945
1113731
9086591
843264
8855133
9295825
5328898
9151292
9869655
6742259
5241193
1595274
9249944
4010278
2220354
3852352
2185432
2693148
4132759
4868862
8686832
8287883
8810901
2838740
6759305
6140906
4652422
7648120
2799026
5922427
3789335
964944
7048662
3360836
301392
152844
76916
9673588
857167
4516308
8527519
9372724
1091793
3999803
8238907
636329
1188677
3883136
731529
4365526
4700431
65391
5020900
7857831
6943530
9167816
3385859
7143195
8564501
7197066
5054231
5022192
2156109
8481816
9208033
2141611
297452
5306651
8231315
8332396
6439365
3147197
9687870
1264284
2013452
3299031
8284700
1326580
3700746
8890351
5938190
9154510
9339192
9641999
8767548
6382646
5150600
7291379
2687672
1777085
9517183
9889681
7312100
9618398
5299228
1921068
508103
2302939
7546071
8685914
1168555
6097182
2929874
673690
5802399
3935108
5323136
1538007
9375165
3364104
2500089
6802536
5502339
128682
9321449
6076810
4643760
9789859
7665456
8470768
1087102
9759650
6710583
5506064
7313066
3736890
9802283
1337663
2866655
7761924
4183056
608868
5634565
5199388
6148849
5727743
6175241
7335469
9157677
7362441
7993873
2538552
5026863
6983218
2301628
3850748
7399712
9270266
2480112
5069093
3414088
1006165
6864051
9738059
2465718
2636601
2965464
542120
852154
4284663
7912077
7276106
7638719
7539252
6110226
7455537
1383169
8119445
9380703
7440513
9490751
3905860
5377061
7232076
9746306
1892740
5227462
9089209
317607
8518537
1122266
2550072
6311317
3635992
8277526
12680
7343540
5754523
1630573
1467867
40977
4511956
9363579
4507128
1342100
3797970
9877913
5644677
6109508
8252895
832647
1952513
8970267
132509
9682117
2893669
1080112
3255920
7316300
966743
8220303
2685458
9897453
4825382
1303744
5941883
9257352
6098863
3484206
4022573
1321263
79572
1482895
8365991
5709099
7995763
530513
377319
3012403
47723
5138555
1415630
4712076
6205934
5778962
6347063
5588306
1926771
990934
5602912
2082369
8821627
3471642
1764601
2941317
1538256
8957274
7218491
6272252
5680152
3737088
1171388
5403573
8553776
203118
2969167
7487547
2020848
9657485
3218994
352391
3883556
2070409
6299633
8314261
9226151
1147833
3804116
7822423
624117
8885890
2508111
890326
1434649
3776335
4276174
5271640
3521140
3319991
2182207
4694279
5789120
8680852
5015207
8239958
1404088
2755992
900801
9571724
8429991
6794171
3001437
5430529
1273905
8123188
9654481
4936507
9269461
4570145
8670176
9494133
2268090
6188651
7637030
5773497
1506089
3975139
7100911
3677285
7899501
2654033
535470
5106911
998224
7468508
7248642
383960
2094465
2660373
6429367
8379216
1731331
9528205
3993538
1095478
393144
586488
9375659
9162839
2328321
8158300
7445815
5033054
6534483
8274447
2587765
1629159
2245035
7106780
8964782
8741977
6301299
7846021
8934751
7742277
3801586
2010595
6764520
6649203
1701176
5316647
2892181
2394660
4548581
7124372
348283
6023166
8340657
1036062
5256216
115197
8704019
9164231
7516637
2983870
1305810
1374473
2745869
2549570
6708798
6040051
1797898
2748695
6402390
3930192
5649884
3018923
6224399
7440085
2425193
7494251
9660763
1557435
1034222
6972867
7751785
2759643
776744
5655653
5807499
3457210
9845210
292420
4056519
8859639
538083
9489082
2617605
7304114
5744677
7203917
8554408
4884949
4395135
9624348
3378865
6480862
6270380
1017849
2836229
4271886
9352608
7131466
7234439
6012147
2552013
6771127
8385061
7466960
7362999
4692994
4540256
5361014
8135585
8619234
2692334
2096339
2556950
4102526
1743163
6083208
7811048
5211978
3860653
9414347
2355833
9563838
1859512
3564047
5407491
1369659
8025357
1080813
6892358
3177121
1381966
6151369
8412571
4771042
874488
6567487
9913174
8633391
3924550
3996906
7633406
4404597
356076
5218459
1523734
6697963
1029570
1128677
2347248
6305308
2932877
9007256
8276388
4886972
8535777
2522644
9794445
5491197
6292676
3218026
7661172
3745414
5134806
8319287
7851514
8044507
5255982
7290698
9534307
3751154
9977053
2264821
9201090
1615973
26930
6547
8497479
8280785
1916237
6762525
8628043
9813863
1697678
7828886
6758071
9971086
8111600
9961215
8765581
6569405
597979
9929780
1677721
7827433
2219487
6605077
180180
8117039
3167465
7533992
2405715
1098126
839025
5928540
486104
379598
8662552
2071312
3688520
2059731
9551605
7495977
5105600
8001870
3578992
3856839
547982
8891774
1155068
6228052
2472991
8820304
9273877
6517185
2419651
9298501
4413116
4608702
7115877
4102039
2350860
893772
7415379
4104708
1782868
8296687
7426238
5241279
8292723
9963694
87053
8848630
1043818
2519219
4855424
1636894
1924516
3028870
6564536
3499862
1430863
1767519
4959821
9426551
6264442
6620416
3087944
2668162
4387960
1731592
4856394
259116
7668417
6750999
3284021
6914482
7040061
9360717
5982484
2496121
9523153
7027274
4704249
3865508
5224196
6348998
8268402
1838206
7881814
7613774
2543637
5842146
610982
9176338
3332177
8204378
9725865
8992261
2110372
5836370
528155
8283694
4694540
5631459
5069723
2323809
5937670
1539002
3957415
1327874
4636432
4085540
9117562
3027343
6976068
4674822
5130435
6834993
2604208
7604106
2062295
6456459
33290
638271
6597821
5740848
51786
5963615
522154
1947757
7118508
650121
3741308
293094
3822654
5276555
9047964
6920819
8763940
5084244
5923270
8570703
7036125
6920965
1376785
8549325
5671950
3892253
721296
8756633
4433185
6742721
1950322
8296888
2190562
5539870
1941778
7898831
8970552
9648777
3920387
1343950
7564833
395975
1238014
4678963
3093839
2277230
9083469
7322265
823746
2208636
7256236
9271043
9962942
67510
2931646
4246747
5070048
8380210
9491724
8350867
3158988
3437096
7686766
9057184
4156370
5315956
7565496
8528190
237392
7933056
2508846
4369449
4506514
7826607
2342185
9643387
9074156
4357129
1134852
6541825
330827
2265075
5749906
9452263
2465498
9612290
6855062
5070981
4529857
4342401
8808160
5558129
5581211
6973709
6232197
7560644
2640778
6684476
2196617
4511558
5471147
8240207
5662792
8280944
3872582
1234190
5064369
2238802
7084312
8698550
3774144
5040513
7237132
6467911
6517576
301684
6003949
6955837
4192767
5889200
2139728
7425990
6894807
8380019
3987881
5223299
7647600
7439785
3424586
4862420
1766790
8293024
5331462
8468834
1077286
7597318
1707188
2749082
2550038
1079015
3088376
8555364
3897923
5783772
3221194
6426578
7067183
7387098
8543687
8075760
4563449
2015726
3018383
2733217
1322699
3985472
3707136
390301
1422869
4930390
8213844
1622288
9215880
3745538
7432915
955082
5121768
712518
5177382
8335063
4895555
2927089
6777768
3310081
8351134
9765061
2160182
5883947
8112142
9730467
3799991
4538788
2791603
2038677
2519922
5655714
2591005
9269129
7430168
9272249
187364
3126370
7628607
9882916
7572040
5127546
6791738
4678845
4431276
1243373
4388016
5042970
7304252
3440955
9808031
2847147
4753301
1516604
6697134
5498839
6682274
6724192
6474727
6020113
7298620
6108585
4412910
354890
2198078
2240459
523858
4606855
9629209
3443506
842238
9850413
8514226
7826399
3286897
4297478
4357104
6089271
6542137
4652827
9582341
9260954
2673225
3642266
6079798
5496786
6156196
9149409
8539212
2647666
2337922
6064850
3615338
8815179
2238027
1588778
9530225
985017
7680308
5087013
3144088
6672674
3989557
8304428
4008337
4355563
856536
1495093
5024850
6096647
8595822
439069
7271580
7011607
8491218
6720310
8532671
9089113
329356
7332293
7355021
9034014
4280302
9291867
5624592
2971895
8894678
1825375
1825260
9043717
4662261
4989879
3906264
8928461
7417451
7306638
2527971
5559663
4890898
7484251
58267
4816675
2118312
9527053
1304895
2960911
3034441
1280099
1983919
1496548
7226287
5842468
277287
1827589
4889263
6600386
1387876
336092
6792186
5039355
8214069
1111454
9194969
2267205
3794562
9830878
9461627
4857871
8880164
6594148
226492
4560647
5207139
9676185
1937143
4268136
9651186
2514830
3378150
1647462
2468330
9559510
8809641
3155829
8406164
3764530
7513367
9075697
1358840
4946969
7609608
2272903
4637637
4328994
2122806
1778190
219900
3959953
7412453
8285173
5191125
4095413
4827342
4503798
986678
7466688
7881171
9970949
3916060
5734146
7859451
5352662
1512681
1159929
9753086
1473223
4066417
3632482
8959690
9823339
819762
9034792
1709279
442595
6413767
9710855
8018554
7465633
1203405
9338619
107937
5958088
989619
4368486
3973224
7381601
791439
6362983
1502253
3402805
7232018
9863421
9705679
1698114
9777131
9168472
6902879
4033407
9315716
9552877
3977586
4132925
8697449
9123042
9508052
2030467
5100445
9155477
7280676
9595337
5001896
7669956
8285974
1205597
2021982
22826
1123335
8895191
3280019
6327966
4412061
9304480
5522511
577161
2115927
8799378
3724081
609011
4864408
5861933
446293
8500327
7480618
596920
1723001
4251935
4525576
6537663
4130351
5222249
2863873
9910201
6128964
2259560
6811780
5445042
4439013
3906048
8106218
7304498
9231194
6053155
6800062
4283510
7157246
5908198
7008865
9596001
2421076
7379834
8168973
671191
2577180
6695310
5524612
2327161
3628060
3571551
3091422
7015643
8641306
7993882
6850517
7054432
5740960
581338
2400449
767138
3787969
4781674
2765353
1116165
791393
7308888
6250236
1001843
8457981
2543820
5285996
6592832
1321348
2832595
7989298
3053066
3509327
6642381
4380203
140040
2486880
3652594
389720
4490830
6301330
2976720
1826424
3972758
8095592
4114740
438396
7322370
5910703
6725993
5752581
7099830
3760301
9625966
7993031
71305
3938048
1043457
5147265
7475272
18560
3383507
5675840
9029326
1540940
6407776
9905397
7790658
7944048
6101419
3912765
407357
8434939
1737154
2373522
7687978
8628475
8623913
5688774
3398107
5277423
5119924
3832554
6176190
2979100
8859820
7318219
5614446
7458944
1253507
2602326
4757415
3761766
8223287
7052404
2609038
4060929
698333
9909845
5857901
2759401
3055313
1422706
329549
1300042
3239658
5398841
994869
7622062
3510554
3188077
4436142
7954694
8362692
6905614
8665520
3532076
8005598
3633953
9230687
9526556
802410
4665273
8455953
1015338
6469196
52304
9712291
2616524
431313
6941351
2609066
7099579
5497
2508613
9239351
1384298
8792714
2116015
2338969
4714995
5228427
7551087
9400189
3521164
2733266
2717648
6467539
4267183
1843965
6520438
9485344
7376646
9160073
1440330
2984323
6925522
1013290
1224652
9376978
2205115
1597377
1780177
4064015
8449450
8382274
8694868
4412969
1953799
8847772
9841585
2870071
2586018
9381541
870474
9445552
3193167
809761
3797984
5755080
9037225
9498133
9731877
6181798
7890784
2048040
3694319
262632
5155004
302909
2104006
7563621
5437448
9063018
2241602
9153966
1768539
9143555
2559388
6687075
9588638
62233
2112920
6842350
5050430
3063334
8330364
8445052
9798304
8916019
9823484
2942244
4628018
8773046
773606
1419080
4518749
8147785
498001
1694040
6836678
7174681
9002024
9277045
2947663
2620150
8536718
1387862
4948026
5225413
180265
7543
8834086
149037
2978928
9269149
9409868
3096878
7225594
1606528
5011677
6105920
9772363
5587165
2387909
1155664
869184
8533591
587456
4935880
2514402
7186302
9647230
2949282
215052
7169090
9426090
6604936
6397126
2705460
793283
4800345
9766098
9212207
2713670
4538794
3107186
9483147
7264113
6979777
3383276
510346
3149645
8673159
8779857
7728876
7743443
2137560
4866031
3511964
7990867
4757208
9954885
2260252
9939806
2194533
4697001
2428427
4127300
7594888
6017968
1235204
6428493
3900331
2461164
6345510
2523086
3154660
1484061
3889556
1170960
2661830
3184220
8685953
3117129
3580690
1129414
8613731
356934
1815194
4070775
1088671
3954441
6046847
6094304
4811788
719922
1696981
9454887
486217
4408848
4513354
4685056
3485277
253942
6729790
9600293
7251305
254536
1225461
9568244
9542298
2068327
63395
7427169
3316194
7295626
3162013
6660587
9906418
6763271
9605387
3751079
2373414
9474825
4810187
9787152
2075320
7656982
2366200
3618488
2930650
6976589
2959751
475623
7151858
1224284
6348618
425044
4561150
4713622
9167788
1818348
6920825
8394427
7765675
4301235
1190839
9743443
4390268
6846095
3810286
2091325
4129806
4627710
3226247
7856474
5704714
2373813
951911
706031
3985224
1348454
60758
9862341
6794144
9312870
6616180
9068293
4159428
7722279
2235254
9858915
6193528
6852011
1884425
4177833
7713723
6325801
9045413
1429551
4077594
3817260
8163582
2290553
2438873
2864992
7382286
2497283
7964560
5404544
6432368
9934393
912064
4421304
826506
9368462
2856843
2346022
2414780
7918815
3591361
3277491
8420372
6667262
5257795
1972492
1968228
2700732
7252483
742267
3904192
6285643
128334
4635019
9133713
3687357
6143251
5011564
181097
2183176
3490603
9170332
2809478
7328151
1422871
6028041
9383102
1908406
2204705
3331323
1930627
5853865
8876736
3423489
7194893
4561538
5911515
1262198
8721370
6519410
1660452
489186
9107199
18066
5297625
799590
1607290
7699882
3088987
4800185
6842997
8045405
6902201
8608840
3524536
9723484
9974847
9620699
4547994
4882882
5547939
9429648
4507992
2803664
1137077
5694218
2267623
8329005
9201397
6038454
861518
8113712
756221
8316658
2868672
2335925
5535580
9942094
3706227
5794817
2012370
3507791
6045203
1461139
4270017
8730238
3520139
8935835
9210060
7200579
7463485
3140022
6559736
4215910
904851
9849444
7965649
9230890
2715926
237952
3568731
310294
1156085
3780459
2758861
4586050
4505699
5084463
5989371
2304566
3473733
4038226
3779633
3860591
1009570
9495296
5053780
3360162
7038749
5639726
6466044
2555087
9297425
5220764
680797
5679889
1644059
4762932
1440972
1697183
5790531
6245520
2303176
3816382
2693346
1781160
6756259
111257
971269
1205798
6772844
6635416
1566908
7157435
3603289
3445842
3138644
2277638
3049417
6985648
7017262
8304314
7658792
5108587
4073823
772309
2087700
3969136
2235396
2499074
2395952
7141395
9997835
5312620
3485241
7543932
4483741
3309148
9255043
9792240
6245691
3016907
5549744
9673614
3249309
1759433
1974399
6635708
3261467
3394980
5068593
3529061
959828
4176858
3067757
2177422
5322062
6284472
5023068
5750526
4980661
5040990
4395662
2560937
6970085
4648561
6651884
3052683
4235427
2735975
1480979
7290079
451819
4351649
944748
1810314
5957634
3909792
731890
1259370
8699520
8918457
9050319
2239607
3969302
5371320
7129640
8133647
400440
4567746
8679386
7255441
851150
3362030
49927
483860
3691184
7554981
3977272
4602235
5278521
1677234
9702743
2322348
8012854
491621
8201356
7794986
3570784
5115654
24063
5585946
7599150
6484094
5591212
4759279
8677963
2860202
8331632
9214561
5226006
9322187
7280353
1824830
2160307
447270
4315648
2717240
6081569
9711098
2741809
5544525
7488377
9297672
3069810
3085387
151657
1858129
8685335
3492940
345877
4293750
2826051
9596488
470662
6927848
5521412
1153974
5880680
5927116
8568745
7307803
7757228
7612277
1231262
7469616
7451011
2987515
7203200
6010604
4394382
9901592
4865957
2143938
9912156
7461125
2823323
9343573
9824009
9834476
1243313
8672475
3535529
9030005
5187074
2792203
7772134
7402710
7612654
9835880
2966080
988554
2318311
8742499
1746887
1043623
9936797
614262
7614163
4716108
76360
7338586
4718181
3100924
7757479
6333653
884754
140605
3298700
7229973
1719871
6440296
1120848
638799
9072058
4901981
9885991
132111
6042184
3742693
4070150
7261509
29651
7170782
268718
7928321
5884435
9811425
3632193
5329946
1836762
4464128
9388492
5677857
5280977
554558
2935850
9751487
2710022
5898011
9518857
3847032
7926150
4622381
9514524
7046518
9937478
8924802
816421
1680527
7433322
6386438
9744026
2781072
7540706
5031308
8768777
1487914
6691882
6926064
7472846
4533838
5270461
9962630
9218664
513965
6448363
6837506
7422903
7084075
8733718
5383064
8975351
3061390
9107347
3582007
8006288
2773094
7659303
7711409
3931586
9379654
8205866
8621
5542102
4430056
8112984
6650155
5544743
8473361
5878693
4554779
9667199
6153128
4037781
70130
9387446
8440629
3606685
8297592
1264619
7983294
6637299
9290007
7168440
744762
3733752
4201994
7460816
5823086
883054
9881666
9035488
4063315
2049912
8159323
9611575
5425303
3063163
3324176
2546448
6943851
6499133
9782210
961646
268463
3547029
1322333
3980800
5369019
9893609
7351602
9115509
8212004
9617538
2329250
3463518
8880869
8265551
8071190
2532982
4708888
2882901
5348246
2674657
5732006
8648382
8467237
9784506
7698736
9840861
5591406
4965279
2870522
3966943
5365330
203322
4802134
8877280
4184559
5095285
1194772
8090777
9371797
9760697
9918609
2713284
6495162
1363834
9925236
9218752
5768734
6369140
9985153
5594594
9041411
1935261
5645574
1505254
555088
2579646
5615359
6767427
539099
5896876
749884
7649367
6392551
1453275
3879456
1722081
3638686
3035044
5001642
4582154
9179479
4658102
6254923
2067249
1256987
9404602
2011570
383799
5683783
2979951
6111930
1826109
3521299
5637328
5772432
1895883
3395504
6856349
6648992
8387743
4751079
9507709
4645330
5825874
5527130
72060
9063332
4699313
9964060
8669299
1178912
2256880
7993061
356314
8684565
769426
5577727
9879396
2037934
1692327
931806
3742179
4798104
3841597
71748
64747
8763694
5848921
1679912
52263
2228492
9558758
6557489
9936723
5262476
834190
4593035
2877314
9156256
315037
7009798
8833480
8759972
8676203
4944446
1877536
6338531
4491397
5884460
2666514
1105753
5872414
4527642
1172183
4963640
2131182
3905328
7301173
2402027
2978599
7027546
8012086
9816839
1952233
9135378
9416187
9460890
7046542
8326003
9165768
1457497
8388814
6631632
995832
289452
9977162
5356967
2207715
4834075
3037096
4073456
7460727
9540169
7428130
340372
9534863
6418989
5139317
9688848
2689480
9629946
3991200
6050574
5464110
9265599
4067444
68924
1063782
7517680
1516311
6739622
7059798
988383
6907844
2980850
3564550
4998646
1225956
3144871
5693052
7461823
5528738
3846262
9579687
5307050
9751492
5647999
1547599
5501865
3468198
6466204
1468297
3593780
6000791
5222801
3911939
5130002
4343383
6655713
7845158
6497832
2539059
5562800
6575002
4950648
6814081
456424
4104335
4647407
1616394
4488942
352748
445024
2186157
5437909
467086
2286229
7026364
8123849
5468098
8268248
2153973
962938
330755
1375551
6776529
9684946
32891
7564835
6312409
1618997
8551473
5107196
3041248
9801963
825960
5433462
1056117
5945927
9508081
5487325
1303921
869252
8067825
8635263
1138647
9065204
6684857
2546523
6803499
5109488
545411
370687
4266023
3798301
2146753
2958789
3606920
9920691
9234538
6806680
8901171
7031492
4724840
4873110
1254083
7995525
7012246
9707489
3402974
2035814
6559927
5040173
7990835
6517277
223620
1520211
9081397
5364338
5928218
8090144
8418972
5746883
1264718
6538117
1304633
1986418
1204364
8293501
5544680
4413472
3126700
759142
5913344
7800570
3957261
1551137
9961415
1255841
4042575
8195133
2903501
5281526
1141465
500537
2462020
2498618
4341440
7505782
7142968
5937742
6591066
3518472
2997760
7318589
1212219
6777845
1607612
1189711
5977763
6847623
4622233
2733672
5848591
6663984
5883602
2932930
5429852
1593977
1163528
8086996
6740249
3527171
4838463
6432648
7269042
7434925
5877477
9223917
8815661
7914156
2222329
3524181
2628179
5856564
382842
795039
8964085
5542594
8587009
2897764
4878932
7088892
9308812
9111509
960649
1860044
8178662
6615898
2232401
5413970
8085036
4252129
8055217
1586101
6567788
4138508
2437802
7948776
6088705
1718847
6367418
7338635
1962301
2705151
3723838
3252548
3474313
548073
7634397
3393016
4337681
9997652
7775073
5410992
8884083
3062257
9897641
7343588
6535062
2043499
7554201
2721653
799292
5292916
7389771
9307591
5167670
4153385
1351580
5355608
3249865
372479
9447646
5778928
5058690
4933722
4224944
2463407
2047352
9174622
9005888
7280834
6820228
7242839
7843477
4382592
2495909
1348903
9268273
6347209
1334905
5947436
2189221
810280
8410205
9041349
5553600
8383654
1506536
9284060
7041814
3475169
7293111
1720418
4116429
3504563
421073
5355564
2356146
691256
7124602
8676773
8628454
5097535
9936492
5323977
6783346
8388033
9350803
573491
3622765
4318540
376736
6458601
9545395
8865813
9013132
5958059
2008803
3518245
7764079
5368718
9793578
8181773
4960778
674927
7368940
3050400
2053817
47726
8175616
2088370
2170610
2994402
1270333
3341263
2602292
7367099
4245374
7610533
467907
7395363
7076401
3984247
416732
7070449
5449818
3935212
8983965
3562782
4642174
5303345
1390569
2265471
7001691
9812942
1549015
2928690
2531411
5624687
2543148
7824346
6338721
7932513
6814647
7231851
8562553
3780596
8265718
7670635
9327178
538144
1603596
1510302
9393563
5930489
903168
4239516
9088506
5834051
5737268
3768906
2830862
8348528
7203414
1482645
3354416
6860773
6475786
3245675
298575
9493511
8735591
6905288
4058734
4783655
9405367
1470041
8880813
2385496
7487271
2493215
4917506
3636048
4270087
9621462
8183337
8448259
81259
851045
2847973
9080991
8680663
6215403
8189658
9175217
9585507
583665
2211060
3602161
4616621
4398198
7345648
1039658
7457547
3791944
7259080
2556161
1597369
144220
3368876
3704281
2925323
3959332
9015811
3968811
1188452
9063607
9869129
7020836
8547938
7237108
835908
542147
4552584
5849598
5467231
9612204
3903192
3275960
6249953
293298
1827853
2432740
6413140
6187747
7258397
9387057
5206528
3810388
1293301
211296
1815507
1514591
9022394
444949
9698198
5441425
8076517
7452495
3954642
7318084
7762281
6367587
5439092
6177177
6708360
924522
8663954
4988273
9845178
4422164
5630418
6192795
1107672